    35.000      0.36055    
    35.040      0.36106    
    35.080      0.36156    
    35.120      0.36207    
    35.160      0.36257    
    35.200      0.36308    
    35.240      0.36358    
    35.281      0.36408    
    35.321      0.36459    
    35.361      0.36509    
    35.401      0.36559    
    35.441      0.36609    
    35.481      0.36659    
    35.521      0.36709    
    35.561      0.36759    
    35.601      0.36809    
    35.641      0.36859    
    35.681      0.36908    
    35.721      0.36958    
    35.762      0.37008    
    35.802      0.37057    
    35.842      0.37107    
    35.882      0.37156    
    35.922      0.37206    
    35.962      0.37255    
    36.002      0.37304    
    36.042      0.37354    
    36.082      0.37403    
    36.122      0.37452    
    36.162      0.37501    
    36.202      0.37550    
    36.242      0.37599    
    36.283      0.37648    
    36.323      0.37697    
    36.363      0.37746    
    36.403      0.37794    
    36.443      0.37843    
    36.483      0.37892    
    36.523      0.37940    
    36.563      0.37989    
    36.603      0.38037    
    36.643      0.38085    
    36.683      0.38133    
    36.723      0.38171    
    36.764      0.38209    
    36.804      0.38246    
    36.844      0.38284    
    36.884      0.38322    
    36.924      0.38360    
    36.964      0.38397    
    37.004      0.38435    
    37.044      0.38472    
    37.084      0.38510    
    37.124      0.38547    
    37.164      0.38585    
    37.204      0.38622    
    37.244      0.38659    
    37.285      0.38695    
    37.325      0.38726    
    37.365      0.38756    
    37.405      0.38787    
    37.445      0.38817    
    37.485      0.38848    
    37.525      0.38879    
    37.565      0.38909    
    37.605      0.38940    
    37.645      0.38970    
    37.685      0.39000    
    37.725      0.39031    
    37.766      0.39061    
    37.806      0.39091    
    37.846      0.39122    
    37.886      0.39152    
    37.926      0.39182    
    37.966      0.39212    
    38.006      0.39242    
    38.046      0.39273    
    38.086      0.39303    
    38.126      0.39333    
    38.166      0.39363    
    38.206      0.39393    
    38.246      0.39423    
    38.287      0.39453    
    38.327      0.39482    
    38.367      0.39512    
    38.407      0.39542    
    38.447      0.39572    
    38.487      0.39602    
    38.527      0.39631    
    38.567      0.39661    
    38.607      0.39691    
    38.647      0.39720    
    38.687      0.39750    
    38.727      0.39779    
    38.768      0.39809    
    38.808      0.39838    
    38.848      0.39868    
    38.888      0.39897    
    38.928      0.39927    
    38.968      0.39956    
    39.008      0.39985    
    39.048      0.40015    
    39.088      0.40044    
    39.128      0.40073    
    39.168      0.40102    
    39.208      0.40132    
    39.248      0.40161    
    39.289      0.40190    
    39.329      0.40219    
    39.369      0.40248    
    39.409      0.40277    
    39.449      0.40306    
    39.489      0.40335    
    39.529      0.40364    
    39.569      0.40393    
    39.609      0.40422    
    39.649      0.40450    
    39.689      0.40479    
    39.729      0.40508    
    39.770      0.40535    
    39.810      0.40560    
    39.850      0.40586    
    39.890      0.40612    
    39.930      0.40637    
    39.970      0.40663    
    40.010      0.40688    
    40.050      0.40714    
    40.090      0.40739    
    40.130      0.40765    
    40.170      0.40790    
    40.210      0.40816    
    40.250      0.40841    
    40.291      0.40866    
    40.331      0.40892    
    40.371      0.40917    
    40.411      0.40941    
    40.451      0.40963    
    40.491      0.40986    
    40.531      0.41009    
    40.571      0.41031    
    40.611      0.41054    
    40.651      0.41077    
    40.691      0.41099    
    40.731      0.41122    
    40.772      0.41144    
    40.812      0.41167    
    40.852      0.41189    
    40.892      0.41212    
    40.932      0.41234    
    40.972      0.41256    
    41.012      0.41279    
    41.052      0.41301    
    41.092      0.41324    
    41.132      0.41346    
    41.172      0.41368    
    41.212      0.41390    
    41.253      0.41413    
    41.293      0.41435    
    41.333      0.41457    
    41.373      0.41479    
    41.413      0.41501    
    41.453      0.41523    
    41.493      0.41545    
    41.533      0.41567    
    41.573      0.41589    
    41.613      0.41611    
    41.653      0.41633    
    41.693      0.41655    
    41.733      0.41677    
    41.774      0.41699    
    41.814      0.41721    
    41.854      0.41743    
    41.894      0.41765    
    41.934      0.41787    
    41.974      0.41809    
    42.014      0.41830    
    42.054      0.41852    
    42.094      0.41874    
    42.134      0.41896    
    42.174      0.41917    
    42.214      0.41939    
    42.255      0.41961    
    42.295      0.41982    
    42.335      0.42004    
    42.375      0.42026    
    42.415      0.42047    
    42.455      0.42069    
    42.495      0.42090    
    42.535      0.42112    
    42.575      0.42133    
    42.615      0.42155    
    42.655      0.42176    
    42.695      0.42198    
    42.735      0.42219    
    42.776      0.42240    
    42.816      0.42262    
    42.856      0.42283    
    42.896      0.42304    
    42.936      0.42326    
    42.976      0.42347    
    43.016      0.42368    
    43.056      0.42389    
    43.096      0.42411    
    43.136      0.42432    
    43.176      0.42453    
    43.216      0.42474    
    43.257      0.42495    
    43.297      0.42516    
    43.337      0.42537    
    43.377      0.42558    
    43.417      0.42579    
    43.457      0.42600    
    43.497      0.42621    
    43.537      0.42642    
    43.577      0.42663    
    43.617      0.42684    
    43.657      0.42705    
    43.697      0.42726    
    43.737      0.42747    
    43.778      0.42770    
    43.818      0.42795    
    43.858      0.42821    
    43.898      0.42847    
    43.938      0.42872    
    43.978      0.42898    
    44.018      0.42923    
    44.058      0.42949    
    44.098      0.42974    
    44.138      0.43000    
    44.178      0.43025    
    44.218      0.43051    
    44.259      0.43076    
    44.299      0.43101    
    44.339      0.43127    
    44.379      0.43152    
    44.419      0.43177    
    44.459      0.43202    
    44.499      0.43238    
    44.539      0.43275    
    44.579      0.43313    
    44.619      0.43351    
    44.659      0.43389    
    44.699      0.43426    
    44.739      0.43464    
    44.780      0.43502    
    44.820      0.43539    
    44.860      0.43577    
    44.900      0.43614    
    44.940      0.43652    
    44.980      0.43689    
    45.020      0.43726    
    45.060      0.43764    
    45.100      0.43801    
    45.140      0.43838    
    45.180      0.43875    
    45.220      0.43913    
    45.261      0.43950    
    45.301      0.43987    
    45.341      0.44024    
    45.381      0.44061    
    45.421      0.44098    
    45.461      0.44135    
    45.501      0.44172    
    45.541      0.44209    
    45.581      0.44245    
    45.621      0.44282    
    45.661      0.44319    
    45.701      0.44356    
    45.741      0.44392    
    45.782      0.44429    
    45.822      0.44465    
    45.862      0.44502    
    45.902      0.44538    
    45.942      0.44575    
    45.982      0.44611    
    46.022      0.44648    
    46.062      0.44684    
    46.102      0.44720    
    46.142      0.44757    
    46.182      0.44793    
    46.222      0.44829    
    46.263      0.44865    
    46.303      0.44901    
    46.343      0.44937    
    46.383      0.44973    
    46.423      0.45009    
    46.463      0.45045    
    46.503      0.45081    
    46.543      0.45117    
    46.583      0.45153    
    46.623      0.45189    
    46.663      0.45225    
    46.703      0.45262    
    46.743      0.45298    
    46.784      0.45335    
    46.824      0.45372    
    46.864      0.45409    
    46.904      0.45445    
    46.944      0.45482    
    46.984      0.45518    
    47.024      0.45555    
    47.064      0.45591    
    47.104      0.45628    
    47.144      0.45664    
    47.184      0.45701    
    47.224      0.45737    
    47.265      0.45773    
    47.305      0.45809    
    47.345      0.45846    
    47.385      0.45882    
    47.425      0.45918    
    47.465      0.45956    
    47.505      0.45994    
    47.545      0.46031    
    47.585      0.46069    
    47.625      0.46107    
    47.665      0.46144    
    47.705      0.46182    
    47.745      0.46219    
    47.786      0.46256    
    47.826      0.46294    
    47.866      0.46331    
    47.906      0.46368    
    47.946      0.46406    
    47.986      0.46443    
    48.026      0.46480    
    48.066      0.46517    
    48.106      0.46554    
    48.146      0.46591    
    48.186      0.46628    
    48.226      0.46665    
    48.267      0.46702    
    48.307      0.46739    
    48.347      0.46776    
    48.387      0.46813    
    48.427      0.46850    
    48.467      0.46886    
    48.507      0.46923    
    48.547      0.46960    
    48.587      0.46996    
    48.627      0.47033    
    48.667      0.47069    
    48.707      0.47106    
    48.747      0.47142    
    48.788      0.47179    
    48.828      0.47215    
    48.868      0.47252    
    48.908      0.47288    
    48.948      0.47324    
    48.988      0.47360    
    49.028      0.47397    
    49.068      0.47433    
    49.108      0.47469    
    49.148      0.47505    
    49.188      0.47541    
    49.228      0.47577    
    49.269      0.47613    
    49.309      0.47649    
    49.349      0.47685    
    49.389      0.47720    
    49.429      0.47756    
    49.469      0.47792    
    49.509      0.47828    
    49.549      0.47863    
    49.589      0.47899    
    49.629      0.47934    
    49.669      0.47970    
    49.709      0.48006    
    49.750      0.48041    
    49.790      0.48064    
    49.830      0.48086    
    49.870      0.48108    
    49.910      0.48130    
    49.950      0.48152    
    49.990      0.48174    
    50.030      0.48196    
    50.070      0.48218    
    50.110      0.48240    
    50.150      0.48262    
    50.190      0.48284    
    50.230      0.48306    
    50.271      0.48328    
    50.311      0.48350    
    50.351      0.48371    
    50.391      0.48393    
    50.431      0.48415    
    50.471      0.48437    
    50.511      0.48458    
    50.551      0.48480    
    50.591      0.48491    
    50.631      0.48501    
    50.671      0.48510    
    50.711      0.48519    
    50.752      0.48529    
    50.792      0.48538    
    50.832      0.48547    
    50.872      0.48557    
    50.912      0.48566    
    50.952      0.48575    
    50.992      0.48584    
    51.032      0.48594    
    51.072      0.48603    
    51.112      0.48612    
    51.152      0.48621    
    51.192      0.48631    
    51.232      0.48640    
    51.273      0.48649    
    51.313      0.48658    
    51.353      0.48667    
    51.393      0.48677    
    51.433      0.48686    
    51.473      0.48695    
    51.513      0.48704    
    51.553      0.48713    
    51.593      0.48722    
    51.633      0.48732    
    51.673      0.48741    
    51.713      0.48750    
    51.754      0.48759    
    51.794      0.48768    
    51.834      0.48777    
    51.874      0.48786    
    51.914      0.48795    
    51.954      0.48804    
    51.994      0.48814    
    52.034      0.48823    
    52.074      0.48832    
    52.114      0.48841    
    52.154      0.48850    
    52.194      0.48859    
    52.234      0.48868    
    52.275      0.48877    
    52.315      0.48886    
    52.355      0.48895    
    52.395      0.48904    
    52.435      0.48913    
    52.475      0.48922    
    52.515      0.48931    
    52.555      0.48940    
    52.595      0.48949    
    52.635      0.48958    
    52.675      0.48967    
    52.715      0.48975    
    52.756      0.48984    
    52.796      0.48993    
    52.836      0.49002    
    52.876      0.49011    
    52.916      0.49020    
    52.956      0.49029    
    52.996      0.49038    
    53.036      0.49047    
    53.076      0.49055    
    53.116      0.49064    
    53.156      0.49073    
    53.196      0.49082    
    53.236      0.49091    
    53.277      0.49100    
    53.317      0.49108    
    53.357      0.49117    
    53.397      0.49126    
    53.437      0.49135    
    53.477      0.49144    
    53.517      0.49152    
    53.557      0.49161    
    53.597      0.49170    
    53.637      0.49179    
    53.677      0.49188    
    53.717      0.49196    
    53.758      0.49205    
    53.798      0.49214    
    53.838      0.49223    
    53.878      0.49231    
    53.918      0.49238    
    53.958      0.49240    
    53.998      0.49242    
    54.038      0.49244    
    54.078      0.49245    
    54.118      0.49247    
    54.158      0.49249    
    54.198      0.49251    
    54.238      0.49252    
    54.279      0.49254    
    54.319      0.49256    
    54.359      0.49258    
    54.399      0.49259    
    54.439      0.49261    
    54.479      0.49263    
    54.519      0.49265    
    54.559      0.49266    
    54.599      0.49268    
    54.639      0.49270    
    54.679      0.49272    
    54.719      0.49273    
    54.760      0.49275    
    54.800      0.49273    
    54.840      0.49266    
    54.880      0.49259    
    54.920      0.49252    
    54.960      0.49245    
    55.000      0.49238    
