    35.000      0.66936    
    35.040      0.66947    
    35.080      0.66958    
    35.120      0.66969    
    35.160      0.66980    
    35.200      0.66991    
    35.240      0.67002    
    35.281      0.67013    
    35.321      0.67024    
    35.361      0.67035    
    35.401      0.67046    
    35.441      0.67057    
    35.481      0.67068    
    35.521      0.67079    
    35.561      0.67090    
    35.601      0.67100    
    35.641      0.67111    
    35.681      0.67122    
    35.721      0.67133    
    35.762      0.67144    
    35.802      0.67154    
    35.842      0.67165    
    35.882      0.67176    
    35.922      0.67187    
    35.962      0.67197    
    36.002      0.67208    
    36.042      0.67219    
    36.082      0.67229    
    36.122      0.67240    
    36.162      0.67250    
    36.202      0.67261    
    36.242      0.67272    
    36.283      0.67282    
    36.323      0.67293    
    36.363      0.67303    
    36.403      0.67314    
    36.443      0.67324    
    36.483      0.67335    
    36.523      0.67345    
    36.563      0.67356    
    36.603      0.67366    
    36.643      0.67377    
    36.683      0.67387    
    36.723      0.67398    
    36.764      0.67408    
    36.804      0.67419    
    36.844      0.67429    
    36.884      0.67439    
    36.924      0.67450    
    36.964      0.67460    
    37.004      0.67470    
    37.044      0.67481    
    37.084      0.67491    
    37.124      0.67501    
    37.164      0.67512    
    37.204      0.67522    
    37.244      0.67532    
    37.285      0.67542    
    37.325      0.67553    
    37.365      0.67563    
    37.405      0.67573    
    37.445      0.67583    
    37.485      0.67593    
    37.525      0.67603    
    37.565      0.67614    
    37.605      0.67624    
    37.645      0.67634    
    37.685      0.67644    
    37.725      0.67654    
    37.766      0.67664    
    37.806      0.67674    
    37.846      0.67684    
    37.886      0.67694    
    37.926      0.67704    
    37.966      0.67714    
    38.006      0.67724    
    38.046      0.67734    
    38.086      0.67744    
    38.126      0.67754    
    38.166      0.67764    
    38.206      0.67774    
    38.246      0.67784    
    38.287      0.67794    
    38.327      0.67804    
    38.367      0.67814    
    38.407      0.67824    
    38.447      0.67833    
    38.487      0.67843    
    38.527      0.67853    
    38.567      0.67863    
    38.607      0.67873    
    38.647      0.67883    
    38.687      0.67892    
    38.727      0.67902    
    38.768      0.67912    
    38.808      0.67922    
    38.848      0.67931    
    38.888      0.67941    
    38.928      0.67951    
    38.968      0.67961    
    39.008      0.67970    
    39.048      0.67980    
    39.088      0.67990    
    39.128      0.68001    
    39.168      0.68015    
    39.208      0.68029    
    39.248      0.68043    
    39.289      0.68056    
    39.329      0.68070    
    39.369      0.68084    
    39.409      0.68098    
    39.449      0.68111    
    39.489      0.68125    
    39.529      0.68139    
    39.569      0.68152    
    39.609      0.68166    
    39.649      0.68180    
    39.689      0.68193    
    39.729      0.68207    
    39.770      0.68225    
    39.810      0.68245    
    39.850      0.68266    
    39.890      0.68286    
    39.930      0.68306    
    39.970      0.68326    
    40.010      0.68346    
    40.050      0.68366    
    40.090      0.68386    
    40.130      0.68406    
    40.170      0.68426    
    40.210      0.68446    
    40.250      0.68466    
    40.291      0.68486    
    40.331      0.68506    
    40.371      0.68526    
    40.411      0.68546    
    40.451      0.68566    
    40.491      0.68585    
    40.531      0.68605    
    40.571      0.68625    
    40.611      0.68644    
    40.651      0.68664    
    40.691      0.68684    
    40.731      0.68703    
    40.772      0.68723    
    40.812      0.68742    
    40.852      0.68762    
    40.892      0.68781    
    40.932      0.68801    
    40.972      0.68820    
    41.012      0.68840    
    41.052      0.68859    
    41.092      0.68878    
    41.132      0.68898    
    41.172      0.68917    
    41.212      0.68936    
    41.253      0.68955    
    41.293      0.68975    
    41.333      0.68994    
    41.373      0.69013    
    41.413      0.69032    
    41.453      0.69051    
    41.493      0.69070    
    41.533      0.69089    
    41.573      0.69108    
    41.613      0.69127    
    41.653      0.69146    
    41.693      0.69165    
    41.733      0.69184    
    41.774      0.69203    
    41.814      0.69222    
    41.854      0.69241    
    41.894      0.69259    
    41.934      0.69278    
    41.974      0.69297    
    42.014      0.69316    
    42.054      0.69334    
    42.094      0.69353    
    42.134      0.69372    
    42.174      0.69390    
    42.214      0.69409    
    42.255      0.69427    
    42.295      0.69446    
    42.335      0.69464    
    42.375      0.69483    
    42.415      0.69501    
    42.455      0.69520    
    42.495      0.69538    
    42.535      0.69557    
    42.575      0.69575    
    42.615      0.69593    
    42.655      0.69612    
    42.695      0.69630    
    42.735      0.69648    
    42.776      0.69666    
    42.816      0.69684    
    42.856      0.69703    
    42.896      0.69721    
    42.936      0.69739    
    42.976      0.69757    
    43.016      0.69775    
    43.056      0.69793    
    43.096      0.69811    
    43.136      0.69829    
    43.176      0.69847    
    43.216      0.69865    
    43.257      0.69883    
    43.297      0.69901    
    43.337      0.69919    
    43.377      0.69937    
    43.417      0.69954    
    43.457      0.69972    
    43.497      0.69990    
    43.537      0.70008    
    43.577      0.70025    
    43.617      0.70043    
    43.657      0.70061    
    43.697      0.70078    
    43.737      0.70096    
    43.778      0.70114    
    43.818      0.70131    
    43.858      0.70149    
    43.898      0.70166    
    43.938      0.70184    
    43.978      0.70201    
    44.018      0.70219    
    44.058      0.70236    
    44.098      0.70254    
    44.138      0.70271    
    44.178      0.70288    
    44.218      0.70306    
    44.259      0.70323    
    44.299      0.70340    
    44.339      0.70357    
    44.379      0.70375    
    44.419      0.70392    
    44.459      0.70409    
    44.499      0.70426    
    44.539      0.70443    
    44.579      0.70461    
    44.619      0.70478    
    44.659      0.70495    
    44.699      0.70512    
    44.739      0.70529    
    44.780      0.70546    
    44.820      0.70563    
    44.860      0.70580    
    44.900      0.70597    
    44.940      0.70614    
    44.980      0.70631    
    45.020      0.70647    
    45.060      0.70664    
    45.100      0.70681    
    45.140      0.70698    
    45.180      0.70715    
    45.220      0.70731    
    45.261      0.70748    
    45.301      0.70765    
    45.341      0.70782    
    45.381      0.70798    
    45.421      0.70815    
    45.461      0.70832    
    45.501      0.70848    
    45.541      0.70865    
    45.581      0.70881    
    45.621      0.70898    
    45.661      0.70914    
    45.701      0.70931    
    45.741      0.70947    
    45.782      0.70964    
    45.822      0.70980    
    45.862      0.70997    
    45.902      0.71013    
    45.942      0.71031    
    45.982      0.71049    
    46.022      0.71067    
    46.062      0.71085    
    46.102      0.71103    
    46.142      0.71121    
    46.182      0.71139    
    46.222      0.71157    
    46.263      0.71174    
    46.303      0.71192    
    46.343      0.71210    
    46.383      0.71228    
    46.423      0.71246    
    46.463      0.71264    
    46.503      0.71281    
    46.543      0.71299    
    46.583      0.71317    
    46.623      0.71335    
    46.663      0.71352    
    46.703      0.71371    
    46.743      0.71389    
    46.784      0.71408    
    46.824      0.71426    
    46.864      0.71444    
    46.904      0.71463    
    46.944      0.71481    
    46.984      0.71499    
    47.024      0.71517    
    47.064      0.71536    
    47.104      0.71554    
    47.144      0.71572    
    47.184      0.71590    
    47.224      0.71608    
    47.265      0.71626    
    47.305      0.71644    
    47.345      0.71662    
    47.385      0.71680    
    47.425      0.71698    
    47.465      0.71716    
    47.505      0.71734    
    47.545      0.71752    
    47.585      0.71770    
    47.625      0.71788    
    47.665      0.71806    
    47.705      0.71824    
    47.745      0.71842    
    47.786      0.71859    
    47.826      0.71877    
    47.866      0.71895    
    47.906      0.71913    
    47.946      0.71930    
    47.986      0.71948    
    48.026      0.71966    
    48.066      0.71983    
    48.106      0.72001    
    48.146      0.72018    
    48.186      0.72036    
    48.226      0.72053    
    48.267      0.72071    
    48.307      0.72088    
    48.347      0.72106    
    48.387      0.72123    
    48.427      0.72141    
    48.467      0.72158    
    48.507      0.72175    
    48.547      0.72193    
    48.587      0.72210    
    48.627      0.72227    
    48.667      0.72245    
    48.707      0.72262    
    48.747      0.72279    
    48.788      0.72296    
    48.828      0.72313    
    48.868      0.72331    
    48.908      0.72348    
    48.948      0.72365    
    48.988      0.72382    
    49.028      0.72399    
    49.068      0.72416    
    49.108      0.72433    
    49.148      0.72450    
    49.188      0.72467    
    49.228      0.72484    
    49.269      0.72501    
    49.309      0.72518    
    49.349      0.72535    
    49.389      0.72552    
    49.429      0.72568    
    49.469      0.72585    
    49.509      0.72602    
    49.549      0.72619    
    49.589      0.72636    
    49.629      0.72652    
    49.669      0.72669    
    49.709      0.72686    
    49.750      0.72702    
    49.790      0.72719    
    49.830      0.72736    
    49.870      0.72752    
    49.910      0.72769    
    49.950      0.72785    
    49.990      0.72802    
    50.030      0.72818    
    50.070      0.72835    
    50.110      0.72851    
    50.150      0.72868    
    50.190      0.72884    
    50.230      0.72901    
    50.271      0.72917    
    50.311      0.72934    
    50.351      0.72950    
    50.391      0.72966    
    50.431      0.72983    
    50.471      0.72999    
    50.511      0.73015    
    50.551      0.73031    
    50.591      0.73048    
    50.631      0.73064    
    50.671      0.73080    
    50.711      0.73096    
    50.752      0.73112    
    50.792      0.73128    
    50.832      0.73144    
    50.872      0.73161    
    50.912      0.73177    
    50.952      0.73193    
    50.992      0.73209    
    51.032      0.73225    
    51.072      0.73241    
    51.112      0.73257    
    51.152      0.73272    
    51.192      0.73288    
    51.232      0.73304    
    51.273      0.73320    
    51.313      0.73336    
    51.353      0.73352    
    51.393      0.73368    
    51.433      0.73383    
    51.473      0.73399    
    51.513      0.73415    
    51.553      0.73431    
    51.593      0.73446    
    51.633      0.73462    
    51.673      0.73478    
    51.713      0.73494    
    51.754      0.73509    
    51.794      0.73525    
    51.834      0.73540    
    51.874      0.73556    
    51.914      0.73572    
    51.954      0.73587    
    51.994      0.73603    
    52.034      0.73618    
    52.074      0.73634    
    52.114      0.73649    
    52.154      0.73664    
    52.194      0.73680    
    52.234      0.73694    
    52.275      0.73707    
    52.315      0.73721    
    52.355      0.73734    
    52.395      0.73748    
    52.435      0.73761    
    52.475      0.73775    
    52.515      0.73788    
    52.555      0.73801    
    52.595      0.73815    
    52.635      0.73828    
    52.675      0.73841    
    52.715      0.73855    
    52.756      0.73868    
    52.796      0.73881    
    52.836      0.73895    
    52.876      0.73908    
    52.916      0.73921    
    52.956      0.73934    
    52.996      0.73947    
    53.036      0.73961    
    53.076      0.73971    
    53.116      0.73979    
    53.156      0.73988    
    53.196      0.73996    
    53.236      0.74005    
    53.277      0.74013    
    53.317      0.74022    
    53.357      0.74030    
    53.397      0.74039    
    53.437      0.74047    
    53.477      0.74056    
    53.517      0.74064    
    53.557      0.74072    
    53.597      0.74081    
    53.637      0.74089    
    53.677      0.74098    
    53.717      0.74106    
    53.758      0.74114    
    53.798      0.74123    
    53.838      0.74131    
    53.878      0.74140    
    53.918      0.74148    
    53.958      0.74156    
    53.998      0.74165    
    54.038      0.74173    
    54.078      0.74181    
    54.118      0.74189    
    54.158      0.74198    
    54.198      0.74206    
    54.238      0.74214    
    54.279      0.74223    
    54.319      0.74231    
    54.359      0.74239    
    54.399      0.74247    
    54.439      0.74256    
    54.479      0.74264    
    54.519      0.74272    
    54.559      0.74280    
    54.599      0.74288    
    54.639      0.74297    
    54.679      0.74305    
    54.719      0.74313    
    54.760      0.74321    
    54.800      0.74329    
    54.840      0.74338    
    54.880      0.74346    
    54.920      0.74354    
    54.960      0.74362    
    55.000      0.74370    
