   35.0000  2.837998E-03
   35.0401  2.822202E-03
   35.0802  2.806513E-03
   35.1202  2.790932E-03
   35.1603  2.775455E-03
   35.2004  2.760084E-03
   35.2405  2.744816E-03
   35.2806  2.729652E-03
   35.3206  2.714590E-03
   35.3607  2.699629E-03
   35.4008  2.684769E-03
   35.4409  2.670009E-03
   35.4810  2.655349E-03
   35.5210  2.640785E-03
   35.5611  2.626373E-03
   35.6012  2.612058E-03
   35.6413  2.597839E-03
   35.6814  2.583713E-03
   35.7214  2.569682E-03
   35.7615  2.555743E-03
   35.8016  2.541898E-03
   35.8417  2.528142E-03
   35.8818  2.514479E-03
   35.9218  2.500906E-03
   35.9619  2.487421E-03
   36.0020  2.474027E-03
   36.0421  2.460720E-03
   36.0822  2.447500E-03
   36.1222  2.434396E-03
   36.1623  2.421394E-03
   36.2024  2.408474E-03
   36.2425  2.395640E-03
   36.2826  2.382888E-03
   36.3226  2.370220E-03
   36.3627  2.357635E-03
   36.4028  2.345131E-03
   36.4429  2.332708E-03
   36.4830  2.320365E-03
   36.5230  2.308103E-03
   36.5631  2.295919E-03
   36.6032  2.283814E-03
   36.6433  2.271787E-03
   36.6834  2.259843E-03
   36.7234  2.248009E-03
   36.7635  2.236251E-03
   36.8036  2.224570E-03
   36.8437  2.212962E-03
   36.8838  2.201429E-03
   36.9238  2.189969E-03
   36.9639  2.178582E-03
   37.0040  2.167267E-03
   37.0441  2.156025E-03
   37.0842  2.144853E-03
   37.1242  2.133752E-03
   37.1643  2.122721E-03
   37.2044  2.111761E-03
   37.2445  2.100870E-03
   37.2846  2.090058E-03
   37.3246  2.079339E-03
   37.3647  2.068686E-03
   37.4048  2.058103E-03
   37.4449  2.047584E-03
   37.4850  2.037131E-03
   37.5251  2.026743E-03
   37.5651  2.016419E-03
   37.6052  2.006162E-03
   37.6453  1.995967E-03
   37.6854  1.985835E-03
   37.7255  1.975767E-03
   37.7655  1.965762E-03
   37.8056  1.955817E-03
   37.8457  1.945935E-03
   37.8858  1.936123E-03
   37.9258  1.926399E-03
   37.9659  1.916735E-03
   38.0060  1.907129E-03
   38.0461  1.897583E-03
   38.0862  1.888096E-03
   38.1263  1.878667E-03
   38.1663  1.869295E-03
   38.2064  1.859980E-03
   38.2465  1.850722E-03
   38.2866  1.841521E-03
   38.3267  1.832375E-03
   38.3667  1.823285E-03
   38.4068  1.814251E-03
   38.4469  1.805270E-03
   38.4870  1.796346E-03
   38.5271  1.787525E-03
   38.5671  1.778758E-03
   38.6072  1.770045E-03
   38.6473  1.761385E-03
   38.6874  1.752775E-03
   38.7275  1.744217E-03
   38.7675  1.735711E-03
   38.8076  1.727255E-03
   38.8477  1.718850E-03
   38.8878  1.710495E-03
   38.9279  1.702190E-03
   38.9679  1.693933E-03
   39.0080  1.685727E-03
   39.0481  1.677569E-03
   39.0882  1.669459E-03
   39.1283  1.661427E-03
   39.1683  1.653480E-03
   39.2084  1.645578E-03
   39.2485  1.637724E-03
   39.2886  1.629915E-03
   39.3287  1.622152E-03
   39.3687  1.614435E-03
   39.4088  1.606763E-03
   39.4489  1.599135E-03
   39.4890  1.591551E-03
   39.5291  1.584012E-03
   39.5691  1.576517E-03
   39.6092  1.569065E-03
   39.6493  1.561656E-03
   39.6894  1.554291E-03
   39.7295  1.546967E-03
   39.7695  1.539665E-03
   39.8096  1.532394E-03
   39.8497  1.525164E-03
   39.8898  1.517978E-03
   39.9299  1.510832E-03
   39.9699  1.503727E-03
   40.0100  1.496663E-03
   40.0501  1.489641E-03
   40.0902  1.482658E-03
   40.1303  1.475715E-03
   40.1703  1.468812E-03
   40.2104  1.461949E-03
   40.2505  1.455125E-03
   40.2906  1.448340E-03
   40.3307  1.441593E-03
   40.3707  1.434885E-03
   40.4108  1.428167E-03
   40.4509  1.421455E-03
   40.4910  1.414782E-03
   40.5311  1.408147E-03
   40.5711  1.401551E-03
   40.6112  1.394992E-03
   40.6513  1.388471E-03
   40.6914  1.381986E-03
   40.7315  1.375539E-03
   40.7715  1.369128E-03
   40.8116  1.362754E-03
   40.8517  1.356416E-03
   40.8918  1.350114E-03
   40.9319  1.343848E-03
   40.9719  1.337617E-03
   41.0120  1.331421E-03
   41.0521  1.325255E-03
   41.0922  1.319113E-03
   41.1323  1.313007E-03
   41.1723  1.306934E-03
   41.2124  1.300895E-03
   41.2525  1.294891E-03
   41.2926  1.288921E-03
   41.3327  1.282983E-03
   41.3727  1.277079E-03
   41.4128  1.271209E-03
   41.4529  1.265371E-03
   41.4930  1.259566E-03
   41.5331  1.253794E-03
   41.5731  1.248053E-03
   41.6132  1.242344E-03
   41.6533  1.236668E-03
   41.6934  1.231023E-03
   41.7335  1.225396E-03
   41.7735  1.219797E-03
   41.8136  1.214229E-03
   41.8537  1.208692E-03
   41.8938  1.203185E-03
   41.9339  1.197709E-03
   41.9739  1.192263E-03
   42.0140  1.186848E-03
   42.0541  1.181462E-03
   42.0942  1.176106E-03
   42.1343  1.170780E-03
   42.1743  1.165483E-03
   42.2144  1.160215E-03
   42.2545  1.154976E-03
   42.2946  1.149766E-03
   42.3347  1.144584E-03
   42.3747  1.139432E-03
   42.4148  1.134292E-03
   42.4549  1.129180E-03
   42.4950  1.124096E-03
   42.5351  1.119040E-03
   42.5751  1.114011E-03
   42.6152  1.109009E-03
   42.6553  1.104035E-03
   42.6954  1.099089E-03
   42.7355  1.094169E-03
   42.7756  1.089276E-03
   42.8156  1.084409E-03
   42.8557  1.079569E-03
   42.8958  1.074755E-03
   42.9359  1.069967E-03
   42.9760  1.065206E-03
   43.0160  1.060470E-03
   43.0561  1.055759E-03
   43.0962  1.051063E-03
   43.1363  1.046389E-03
   43.1764  1.041741E-03
   43.2164  1.037118E-03
   43.2565  1.032520E-03
   43.2966  1.027946E-03
   43.3367  1.023398E-03
   43.3768  1.018873E-03
   43.4168  1.014373E-03
   43.4569  1.009897E-03
   43.4970  1.005445E-03
   43.5371  1.001017E-03
   43.5772  9.966124E-04
   43.6172  9.922317E-04
   43.6573  9.878741E-04
   43.6974  9.835397E-04
   43.7375  9.792282E-04
   43.7776  9.749344E-04
   43.8176  9.706554E-04
   43.8577  9.663993E-04
   43.8978  9.621661E-04
   43.9379  9.579557E-04
   43.9780  9.537670E-04
   44.0180  9.496007E-04
   44.0581  9.454566E-04
   44.0982  9.413343E-04
   44.1383  9.372341E-04
   44.1784  9.331552E-04
   44.2184  9.290978E-04
   44.2585  9.250618E-04
   44.2986  9.210478E-04
   44.3387  9.170539E-04
   44.3788  9.130815E-04
   44.4188  9.091296E-04
   44.4589  9.051987E-04
   44.4990  9.012796E-04
   44.5391  8.973782E-04
   44.5792  8.934973E-04
   44.6192  8.896366E-04
   44.6593  8.857966E-04
   44.6994  8.819762E-04
   44.7395  8.781760E-04
   44.7796  8.743954E-04
   44.8196  8.706348E-04
   44.8597  8.668936E-04
   44.8998  8.631719E-04
   44.9399  8.594696E-04
   44.9800  8.557863E-04
   45.0200  8.521226E-04
   45.0601  8.484775E-04
   45.1002  8.448513E-04
   45.1403  8.412439E-04
   45.1804  8.376555E-04
   45.2204  8.340788E-04
   45.2605  8.305193E-04
   45.3006  8.269780E-04
   45.3407  8.234554E-04
   45.3808  8.199510E-04
   45.4208  8.164644E-04
   45.4609  8.129957E-04
   45.5010  8.095448E-04
   45.5411  8.061121E-04
   45.5812  8.026966E-04
   45.6212  7.992986E-04
   45.6613  7.959179E-04
   45.7014  7.925546E-04
   45.7415  7.892088E-04
   45.7816  7.858798E-04
   45.8216  7.825677E-04
   45.8617  7.792726E-04
   45.9018  7.759945E-04
   45.9419  7.727249E-04
   45.9820  7.694668E-04
   46.0220  7.662253E-04
   46.0621  7.630006E-04
   46.1022  7.597919E-04
   46.1423  7.565996E-04
   46.1824  7.534236E-04
   46.2224  7.502635E-04
   46.2625  7.471199E-04
   46.3026  7.439918E-04
   46.3427  7.408796E-04
   46.3828  7.377830E-04
   46.4228  7.347023E-04
   46.4629  7.316369E-04
   46.5030  7.285872E-04
   46.5431  7.255526E-04
   46.5832  7.225333E-04
   46.6232  7.195294E-04
   46.6633  7.165386E-04
   46.7034  7.135441E-04
   46.7435  7.105651E-04
   46.7836  7.076012E-04
   46.8236  7.046519E-04
   46.8637  7.017173E-04
   46.9038  6.987975E-04
   46.9439  6.958927E-04
   46.9840  6.930023E-04
   47.0240  6.901260E-04
   47.0641  6.872643E-04
   47.1042  6.844169E-04
   47.1443  6.815839E-04
   47.1844  6.787648E-04
   47.2244  6.759597E-04
   47.2645  6.731687E-04
   47.3046  6.703918E-04
   47.3447  6.676284E-04
   47.3848  6.648787E-04
   47.4249  6.621368E-04
   47.4649  6.593913E-04
   47.5050  6.566598E-04
   47.5451  6.539416E-04
   47.5852  6.512369E-04
   47.6253  6.485458E-04
   47.6653  6.458680E-04
   47.7054  6.432034E-04
   47.7455  6.405521E-04
   47.7856  6.379139E-04
   47.8257  6.352886E-04
   47.8657  6.326767E-04
   47.9058  6.300773E-04
   47.9459  6.274910E-04
   47.9860  6.249173E-04
   48.0261  6.223564E-04
   48.0661  6.198080E-04
   48.1062  6.172721E-04
   48.1463  6.147487E-04
   48.1864  6.122358E-04
   48.2265  6.097201E-04
   48.2665  6.072168E-04
   48.3066  6.047260E-04
   48.3467  6.022472E-04
   48.3868  5.997810E-04
   48.4269  5.973266E-04
   48.4669  5.948842E-04
   48.5070  5.924539E-04
   48.5471  5.900356E-04
   48.5872  5.876288E-04
   48.6273  5.852341E-04
   48.6673  5.828508E-04
   48.7074  5.804792E-04
   48.7475  5.781195E-04
   48.7876  5.757710E-04
   48.8277  5.734339E-04
   48.8677  5.711082E-04
   48.9078  5.687940E-04
   48.9479  5.664909E-04
   48.9880  5.641874E-04
   49.0281  5.618898E-04
   49.0681  5.596033E-04
   49.1082  5.573280E-04
   49.1483  5.550637E-04
   49.1884  5.528103E-04
   49.2285  5.505678E-04
   49.2685  5.483365E-04
   49.3086  5.461158E-04
   49.3487  5.439059E-04
   49.3888  5.417065E-04
   49.4289  5.395182E-04
   49.4689  5.373401E-04
   49.5090  5.351725E-04
   49.5491  5.330154E-04
   49.5892  5.308688E-04
   49.6293  5.287324E-04
   49.6693  5.266064E-04
   49.7094  5.244905E-04
   49.7495  5.223847E-04
   49.7896  5.202738E-04
   49.8297  5.181713E-04
   49.8697  5.160791E-04
   49.9098  5.139968E-04
   49.9499  5.119247E-04
   49.9900  5.098626E-04
   50.0301  5.078102E-04
   50.0701  5.057676E-04
   50.1102  5.037350E-04
   50.1503  5.017123E-04
   50.1904  4.996990E-04
   50.2305  4.976954E-04
   50.2705  4.957014E-04
   50.3106  4.937170E-04
   50.3507  4.917419E-04
   50.3908  4.897763E-04
   50.4309  4.878200E-04
   50.4709  4.858730E-04
   50.5110  4.839354E-04
   50.5511  4.820069E-04
   50.5912  4.800736E-04
   50.6313  4.781469E-04
   50.6713  4.762296E-04
   50.7114  4.743212E-04
   50.7515  4.724221E-04
   50.7916  4.705318E-04
   50.8317  4.686506E-04
   50.8717  4.667784E-04
   50.9118  4.649151E-04
   50.9519  4.630605E-04
   50.9920  4.612147E-04
   51.0321  4.593779E-04
   51.0721  4.575495E-04
   51.1122  4.557299E-04
   51.1523  4.539188E-04
   51.1924  4.521164E-04
   51.2325  4.503223E-04
   51.2725  4.485367E-04
   51.3126  4.467596E-04
   51.3527  4.449908E-04
   51.3928  4.432183E-04
   51.4329  4.414386E-04
   51.4729  4.396674E-04
   51.5130  4.379045E-04
   51.5531  4.361502E-04
   51.5932  4.344040E-04
   51.6333  4.326661E-04
   51.6733  4.309363E-04
   51.7134  4.292148E-04
   51.7535  4.275016E-04
   51.7936  4.257963E-04
   51.8337  4.240990E-04
   51.8737  4.224098E-04
   51.9138  4.207287E-04
   51.9539  4.190553E-04
   51.9940  4.173898E-04
   52.0341  4.157321E-04
   52.0741  4.140823E-04
   52.1142  4.124401E-04
   52.1543  4.108057E-04
   52.1944  4.091787E-04
   52.2345  4.075461E-04
   52.2745  4.059155E-04
   52.3146  4.042925E-04
   52.3547  4.026772E-04
   52.3948  4.010694E-04
   52.4349  3.994694E-04
   52.4749  3.978767E-04
   52.5150  3.962916E-04
   52.5551  3.947138E-04
   52.5952  3.931435E-04
   52.6353  3.915806E-04
   52.6754  3.900250E-04
   52.7154  3.884767E-04
   52.7555  3.869354E-04
   52.7956  3.854017E-04
   52.8357  3.838749E-04
   52.8758  3.823551E-04
   52.9158  3.808426E-04
   52.9559  3.793371E-04
   52.9960  3.778386E-04
   53.0361  3.763469E-04
   53.0762  3.748604E-04
   53.1162  3.733796E-04
   53.1563  3.719059E-04
   53.1964  3.704387E-04
   53.2365  3.689785E-04
   53.2766  3.675251E-04
   53.3166  3.660785E-04
   53.3567  3.646385E-04
   53.3968  3.632052E-04
   53.4369  3.617784E-04
   53.4770  3.603584E-04
   53.5170  3.589450E-04
   53.5571  3.575379E-04
   53.5972  3.561374E-04
   53.6373  3.547433E-04
   53.6774  3.533557E-04
   53.7174  3.519744E-04
   53.7575  3.505996E-04
   53.7976  3.492310E-04
   53.8377  3.478687E-04
   53.8778  3.465127E-04
   53.9178  3.451623E-04
   53.9579  3.438160E-04
   53.9980  3.424760E-04
   54.0381  3.411422E-04
   54.0782  3.398144E-04
   54.1182  3.384927E-04
   54.1583  3.371769E-04
   54.1984  3.358674E-04
   54.2385  3.345637E-04
   54.2786  3.332660E-04
   54.3186  3.319742E-04
   54.3587  3.306881E-04
   54.3988  3.294082E-04
   54.4389  3.281338E-04
   54.4790  3.268654E-04
   54.5190  3.256027E-04
   54.5591  3.243459E-04
   54.5992  3.230946E-04
   54.6393  3.218490E-04
   54.6794  3.206090E-04
   54.7194  3.193746E-04
   54.7595  3.181460E-04
   54.7996  3.169189E-04
   54.8397  3.156932E-04
   54.8798  3.144731E-04
   54.9198  3.132586E-04
   54.9599  3.120494E-04
   55.0000  3.108457E-04
